Knife AltenaAlloy
1 9
A<0-0-0-0-0-0-0-0
11 23 23 23 11 107 107 23 23 23 23 107 107 107 11
13 23 23 23 13 107 107 23 23 23 23 107 107 107 13 23 23 23 23 107 107 107 5
12 23 23 23 12  97  97 23 23 23 23  97  97  97 12 23 23 23 23  97  97  97 4
B<0-0-8-9-9-0-0-0
24 18 23 23 23 23 107 24 18 23 23 23 23 107 107 24 18
C<0-0-8-9-9-7-0-0
107 107 107 17 24
D<0-0-8-9-10-5-0-0
23 107 18 23 23 23 23 24 107 107 18
E<0-0-8-9-10-7-0-0
12 60 53
F<0-0-8-10-9-7-0-0
107 107 107 17
G<0-0-8-10-10-6-0-0
17 97 97 12 11 53
H<0-0-8-11-9-0-0-1
60 53 60 60
I<0-0-9-11-8-0-0-1
17 55 116 97 97 97 50
J<1-0-8-12-8-0-0-0
17 17 17 51
K<1-0-9-11-11-0-0-0
24 22
L<1-1-9-11-11-0-0-0
97 97 12 11 53 60 53 60 17 24 21 116 97 97 97 50 17 17 17 51
M<2-1-10-12-12-0-0-0
17 107 107 51
N<2-1-11-11-13-0-0-0
24 22
O<2-2-11-11-13-0-0-0
11 12 60 53 60 60
P<2-2-12-12-12-0-0-0
24 22
Q<2-3-12-12-12-0-0-0
97 97 50 97 97 97 50
R<2-3-10-14-12-0-0-0
24 23 9 60 60
S<4-3-10-14-12-0-0-0
17 51 17 107 107 51
T<4-3-12-12-14-0-0-0
24 10 23 12 11 60 53 60
U<4-4-13-13-13-0-0-0
23 24 10 97 97 97 50 97 97 97 50
V<4-5-11-15-13-0-0-0
107 24 9 23 23 23 23 107 24 9 60 60 17 51 17 107 107 51
W<6-5-13-13-15-0-0-0
23 23 23 23 97 24 10 11 12 97 53
X<6-6-14-14-14-0-0-0
97 23 53
Y<6-6-14-15-13-0-0-1
23 23 107 107 9 9
Z<7-0-14-15-13-0-0-1
51 17
a<9-0-15-14-13-0-0-1
116 97 9 9 50
b<11-0-14-15-13-0-0-0
107 9 17 51
c<12-0-15-14-14-0-0-0
116 97 9 50 18
d<14-0-14-15-13-1-0-0
107 107 9 51
e<15-0-15-14-13-1-0-0
23 23 23 24 10 23 22 23 23 23 97 24 10 23 23 23 23 97 24 10 23 23 23
f<15-6-15-14-13-1-0-0
116 10 97 50 18
g<15-8-14-15-12-2-0-0
107 17 51
h<15-8-15-14-13-0-0-0
116 10 97 50 18 107 17 51
i<15-10-15-14-13-0-0-0
116 10 97 50 18 107 17 51
j<15-12-15-14-13-0-0-0
15 23 23 23 15  97  97 23 23 23 23  97  97  97 15 23 23 23 23  97  97  97 7
k<15-12-15-14-13-0-9-0
116 10 97 19 50
l<15-13-14-15-13-0-10-0
107 19 19 51
m<15-13-15-14-13-0-12-0
116 10 97 97 50
n<15-14-14-15-13-0-12-0
107 19 51
o<15-14-15-14-13-0-13-0
116 19 97 50 107 17 51
p<15-14-15-14-14-0-14-0
116 19 97 97 50 107 107 17 51
q<15-14-15-14-15-0-15-0
116 97 97 10 50
r<15-15-14-15-15-0-15-0
24 18 23 23 23 23 24 107 18 23 23 24 107 107 107 6
24 20 23 23 23 23 24  97 20 23 23 24  97  97  97 8
s<15-15-14-15-15-7-15-7